11111111111111111111111111111111111111111111111111111111111111111111111111111111
10000000300000000010030000000000000000011030000000000001000100000001000000000001
10000000000000000010000000000000000000011000000000000001000111111001000030000001
10211000000112000010000000011110002000011000111111100001000000001111000000111111
10000000000000000000000000110011000000000000100000010000111000000000000000010001
10000000000000000000000000110011000000000000100000010000111000000030000000010001
10000000000000000000000000111111000000011000100030001000000000000000000000100001
10211000000112000010000000111111002000011000100000000100000000001111000001000001
10000000000000000010000000100001000000011000010000000011111000010000100010000001
10300000000000000013000000000000000030011010000000030000001000010000000000030001
11111111111111111111111111111111111111111111111111111111111111111111111111111111
